
# KNN  

K = 7  

[[235   3   1   0   4   1   4   0]  
 [ 79  58   2   0   5  82  14   0]  
 [ 45  21  24   0   3 125   7   7]  
 [ 26  29   0  17   1 131  10   2]  
 [112  34   5   0  18  39   5   3]  
 [ 14   6   0   3   0 192   1   0]  
 [ 30   9   7   3   1 141  49   0]  
 [ 34  54   1   9   8  56  25  21]]  

0.33204845814977973 0.3250959884597955 0.4493144404090703  

# KNN with CNN

[[248   0   0   0   0   0   0   0]
 [  5 187  25   0   7   0   6  10]
 [  0   1 187   9   0   7  10  18]
 [  3   5  14 130   1   9  51   3]
 [ 12   7   6   0 181   0   3   7]
 [  2   5   6   1   0 200   0   2]
 [  1   4  20  19   4   1 184   7]
 [  2  11  11  13   2   3  18 148]]
testing
0.806718 0.803643 0.810268

# SVM

[[203  13   0   0  31   0   0   1]  
 [  2 119  11   3  30   9  13  53]  
 [  5  66  58  37   9  19   7  31]  
 [ 11  52  44  30   3  20  24  32]  
 [ 30  43  21  12  81  10   0  19]  
 [  2  29  16   8   7 146   0   8]  
 [  1  42  64   7   9   2  96  19]  
 [  6  33  18  54  27   1  19  50]]  

0.43116740088105726 0.4243226438286922 0.43552371619807706  

# SVM with CNN

[[244   0   0   0   4   0   0   0]
 [  1 184  24   0   8   1  11  11]
 [  0   2 186  10   0  12   9  13]
 [  2   4  18 155   0   7  27   3]
 [  6   8   1   0 173   0  16  12]
 [  0   1   9   0   1 205   0   0]
 [  0   4  18  22   4   3 171  18]
 [  3   8   9  17   4   1  14 152]]
testing
0.809471 0.807890 0.811324

# CNN

[[247   0   0   0   1   0   0   0]  
 [  4 208  20   0   2   0   5   1]  
 [  0   4 184  10   0  20  10   4]  
 [  3   7   9 151   0  13  33   0]  
 [ 24  22   1   0 153   0  13   3]  
 [  3   4   2   2   0 205   0   0]  
 [  2  10  24  25   3   4 168   4]  
 [  2  25  35  25   1   2  19  99]]  
0.7791850220264317 0.7735226096026291 0.7941575109456221  

[[244   0   0   0   4   0   0   0]
 [  1 198  24   0   2   0   7   8]
 [  0   1 196   5   0   8   9  13]
 [  0   6  21 146   5   5  32   1]
 [  5  11   0   0 182   0  13   5]
 [  0   5   4   0   2 203   2   0]
 [  0   6  23  15   2   1 176  17]
 [  2  18  17  11   2   1  13 144]]
0.8199339207048458 0.8172091141153988 0.824891369870141
